4
[0.45990802620234916 0.07800872189487373 0.02326682285195114 0.4194199624141014 ]
[0.7728473245648009 0.3360374343500524 0.47841219362010523 0.23639939288576484 ]
Test MyListVector0: 
4
[5.459908026202349 5.078008721894873 5.0232668228519515 5.419419962414102 ]
Sum of 2 vectors:[1.23275535076715 0.41404615624492613 0.5016790164720564 0.6558193552998662 ]
0.02326682285195114
[3.459908026202349 3.0780087218948737 3.023266822851951 3.4194199624141013 ]
[3.459908026202349, 3.0780087218948737, 3.023266822851951, 3.4194199624141013]
5.96302333085905
[3.459908026202349 3.0780087218948737 3.023266822851951 3.4194199624141013 1.0 ]
[3.459908026202349 3.0780087218948737 3.0 3.023266822851951 3.4194199624141013 1.0 ]
[3.0780087218948737 3.023266822851951 3.4194199624141013 ]
7.230330310805567
[4.434834986792301 3.8541074234683586 3.7371928188465517 3.7720007793749013 4.372632025949278 1.0 ]
[
[
[2.1048349867923006 1.5241074234683585 1.4071928188465517 1.4420007793749012 2.0426320259492776 -1.33 ]
null


[0.055528261227330344 0.20289131484475065 0.7547618839763919 0.6423126350184628 ]
[0.8782557721998289 0.6264232299158522 0.35204528769856047 0.7023196656235009 ]
[2.0555282612273302 2.2028913148447504 2.754761883976392 2.6423126350184627 0.0 0.0 0.0 0.0 ]
[0.9337840334271592 0.8293145447606028 1.1068071716749524 1.3446323006419636 0.0 0.0 0.0 0.0 ]
[3.0555282612273302 3.2028913148447504 3.754761883976392 3.6423126350184627 ]
3.2028913148447504
[3.0555282612273302, 3.2028913148447504, 3.754761883976392, 3.6423126350184627]
4.344632300641964
[3.0555282612273302 3.2028913148447504 3.754761883976392 3.6423126350184627 ]
[3.0555282612273302 3.2028913148447504 0.0 0.0 3.6423126350184627 ]
[-0.9444717387726698 -0.7971086851552496 -4.0 -4.0 -0.3576873649815373 0.0 0.0 0.0 ]
[0.05552826122733023 0.20289131484475043 -3.0 -3.0 0.6423126350184627 ]
[0.0 0.0 0.0 0.0 0.0 0.0 0.0 0.0 ]
4.2961394058548334
[9.603842704223247E-5 0.0060707599616168844 NaN NaN 0.24254296844225984 ]
[0.0 0.0 0.0 0.0 0.0 0.0 0.0 0.0 ]
